3
2280.28503562945
1
2422.80285035629
2
2494.06175771972
4
2565.32066508314
3
2707.83847980998
1
2850.35629453682
3
2992.87410926366
2
3064.13301662708
1
3135.3919239905
2
3206.65083135392
3
3277.90973871734
1
3349.16864608076
4
3420.42755344418
3
3562.94536817102
3
3705.46318289786
1
3847.9809976247
2
3990.49881235154
2
4133.01662707838
4
4275.53444180523
1
4346.79334916865
4
4418.05225653207
3
4489.31116389549
3
4560.57007125891
1
4703.08788598575
2
4774.34679334917
4
4845.60570071259
3
4988.12351543943
1
5130.64133016627
3
5273.15914489311
2
5344.41805225653
1
5415.67695961995
2
5486.93586698337
3
5558.19477434679
1
5629.45368171021
4
5700.71258907364
3
5843.23040380047
3
5985.74821852732
1
6128.26603325416
2
6270.783847981
2
6413.30166270784
4
6555.81947743468
1
6627.0783847981
4
6698.33729216152
3
6769.59619952494
1
6840.85510688836
4
6983.3729216152
3
7054.63182897862
4
7125.89073634204
2
7268.40855106889
3
7410.92636579573
1
7482.18527315915
3
7553.44418052257
4
7695.96199524941
2
7838.47980997625
1
7909.73871733967
2
7980.99762470309
3
8123.51543942993
3
8194.77434679335
4
8266.03325415677
2
8337.29216152019
1
8408.55106888361
4
8551.06888361045
4
8693.58669833729
1
8836.10451306414
3
8978.62232779098
2
9049.8812351544
1
9121.14014251782
4
9263.65795724466
3
9334.91686460808
4
9406.1757719715
2
9548.69358669834
3
9691.21140142518
1
9762.4703087886
3
9833.72921615202
4
9976.24703087886
2
10118.7648456057
1
10190.0237529691
2
10261.2826603325
3
10403.8004750594
3
10475.0593824228
4
10546.3182897862
2
10617.5771971496
1
10688.8361045131
4
10831.3539192399
4
10973.8717339667
1
11116.3895486936
3
11258.9073634204
2
11330.1662707839
2
11401.4251781473
3
11686.460807601
3
11757.7197149644
2
11828.9786223278
3
12114.0142517815
4
12256.5320665083
1
12399.0498812352
4
12541.567695962
4
12612.8266033254
2
12684.0855106888
3
12826.6033254157
1
12969.1211401425
1
13040.3800475059
4
13111.6389548694
2
13254.1567695962
4
13396.674584323
2
13467.9334916865
3
13539.1923990499
1
13610.4513064133
2
13681.7102137767
3
13966.7458432304
3
14038.0047505938
2
14109.2636579572
3
14394.2992874109
4
14536.8171021378
1
14679.3349168646
4
14821.8527315915
4
14893.1116389549
2
14964.3705463183
3
15106.8883610451
1
15249.406175772
1
15320.6650831354
4
15391.9239904988
2
15534.4418052257
4
15676.9596199525
2
15748.2185273159
3
15819.4774346793
1
15890.7363420428
4
15961.9952494062
1
16247.0308788599
3
16318.2897862233
3
16389.5486935867
1
16532.0665083135
2
16674.5843230404
2
16817.1021377672
3
16959.6199524941
4
17102.1377672209
2
17244.6555819478
3
17315.9144893112
4
17387.1733966746
2
17529.6912114014
3
17672.2090261283
1
17743.4679334917
4
17814.7268408551
2
17885.9857482185
4
17957.244655582
4
18099.7624703088
4
18242.2802850356
1
18527.3159144893
3
18598.5748218527
3
18669.8337292162
1
18812.351543943
2
18954.8693586698
2
19097.3871733967
3
19239.9049881235
4
19382.4228028504
2
19524.9406175772
3
19596.1995249406
4
19667.458432304
2
19809.9762470309
3
19952.4940617577
1
20023.7529691211
4
20095.0118764846
2
20166.270783848
4
20237.5296912114
4
20380.0475059383
3
20522.5653206651
4
20593.8242280285
3
20665.0831353919
1
20807.6009501188
2
20950.1187648456
1
21021.377672209
2
21092.6365795724
4
21235.1543942993
1
21377.6722090261
3
21448.9311163896
1
21520.190023753
4
21662.7078384798
3
21733.9667458432
4
21805.2256532067
3
21876.4845605701
2
21947.7434679335
1
22090.2612826603
4
22232.7790973872
1
22375.296912114
3
22517.8147268409
2
22660.3325415677
3
22802.8503562945
4
22874.109263658
3
22945.3681710214
1
23087.8859857482
2
23230.4038004751
1
23301.6627078385
2
23372.9216152019
4
23515.4394299287
1
23657.9572446556
3
23729.216152019
1
23800.4750593824
4
23942.9928741093
3
24014.2517814727
4
24085.5106888361
3
24156.7695961995
2
24228.0285035629
1
24370.5463182898
4
24513.0641330166
1
24655.5819477435
3
24798.0997624703
2
24940.6175771972
4
25083.135391924
2
25225.6532066508
2
25296.9121140142
4
25368.1710213777
3
25510.6888361045
1
25653.2066508313
2
25724.4655581948
4
25795.7244655582
4
25866.9833729216
2
25938.242280285
1
26009.5011876484
4
26080.7600950119
3
26152.0190023753
2
26223.2779097387
3
26365.7957244656
4
26437.054631829
4
26508.3135391924
2
26650.8313539192
2
26793.3491686461
1
26935.8669833729
1
27007.1258907363
4
27078.3847980998
3
27220.9026128266
4
27363.4204275534
2
27505.9382422803
2
27577.1971496437
4
27648.4560570071
3
27790.973871734
1
27933.4916864608
2
28004.7505938242
4
28076.0095011876
4
28147.2684085511
2
28218.5273159145
1
28289.7862232779
4
28361.0451306413
3
28432.3040380047
2
28503.5629453682
3
28646.080760095
4
28717.3396674584
4
28788.5985748219
2
28931.1163895487
2
29073.6342042755
1
29216.1520190024
1
29287.4109263658
4
29358.6698337292
3
29501.1876484561
1
29643.7054631829
3
29714.9643705463
1
29786.2232779097
4
29857.4821852732
1
29928.7410926366
2
30071.2589073634
3
30071.2589073634
2
30071.2589073634
3
30071.2589073634
4
30213.7767220903
2
30285.0356294537
4
30356.2945368171
1
30427.5534441805
4
30498.8123515439
2
30641.3301662708
3
30641.3301662708
2
30641.3301662708
3
30641.3301662708
4
30783.8479809976
1
30855.106888361
4
30926.3657957245
3
31068.8836104513
2
31211.4014251781
1
31496.4370546318
4
31638.9548693587
2
31710.2137767221
4
31781.4726840855
1
31923.9904988123
3
31995.2494061758
1
32066.5083135392
4
32137.7672209026
1
32209.026128266
2
32351.5439429929
3
32351.5439429929
2
32351.5439429929
3
32351.5439429929
4
32494.0617577197
2
32565.3206650831
4
32636.5795724465
1
32707.83847981
4
32779.0973871734
2
32921.6152019002
3
32921.6152019002
2
32921.6152019002
3
32921.6152019002
4
33064.1330166271
1
33135.3919239905
4
33206.6508313539
3
33349.1686460808
2
33491.6864608076
1
33776.7220902613
4
33919.2399049881
2
33990.4988123515
4
34061.757719715
4
34204.2755344418
3
34489.3111638955
2
34560.5700712589
1
34631.8289786223
3
34774.3467933492
4
35059.3824228028
1
35201.9002375297
2
35273.1591448931
1
35344.4180522565
3
35415.6769596199
4
35486.9358669834
2
35629.4536817102
4
35771.971496437
3
35843.2304038005
4
35914.4893111639
3
35985.7482185273
2
36057.0071258907
1
36128.2660332541
2
36199.5249406176
2
36342.0427553444
4
36484.5605700712
3
36769.5961995249
2
36840.8551068884
1
36912.1140142518
3
37054.6318289786
4
37339.6674584323
1
37482.1852731591
2
37553.4441805226
1
37624.703087886
3
37695.9619952494
4
37767.2209026128
2
37909.7387173397
4
38052.2565320665
3
38123.5154394299
4
38194.7743467933
3
38266.0332541568
2
38337.2921615202
1
38408.5510688836
2
38479.809976247
2
38622.3277909739
3
38764.8456057007
2
38836.1045130641
1
38907.3634204276
4
39049.8812351544
3
39121.1401425178
2
39192.3990498812
1
39334.9168646081
3
39477.4346793349
2
39548.6935866983
1
39619.9524940618
2
39691.2114014252
3
39762.4703087886
1
39833.729216152
4
39904.9881235154
3
40047.5059382423
3
40190.0237529691
1
40332.541567696
2
40475.0593824228
3
40617.5771971496
4
40688.8361045131
1
40760.0950118765
1
40902.6128266033
3
41045.1306413302
2
41116.3895486936
1
41187.648456057
4
41330.1662707839
3
41401.4251781473
2
41472.6840855107
1
41615.2019002375
3
41757.7197149644
2
41828.9786223278
1
41900.2375296912
2
41971.4964370546
3
42042.7553444181
1
42114.0142517815
4
42185.2731591449
3
42327.7909738717
3
42470.3087885986
1
42612.8266033254
2
42755.3444180522
3
42897.8622327791
4
42969.1211401425
1
43040.3800475059
1
43182.8978622328
1
43325.4156769596
3
43396.674584323
4
43467.9334916865
3
43539.1923990499
4
43610.4513064133
2
43752.9691211402
3
43895.486935867
1
43966.7458432304
3
44038.0047505938
1
44109.2636579572
4
44180.5225653207
2
44323.0403800475
2
44465.5581947743
3
44608.0760095012
1
44893.1116389549
4
45035.6294536817
4
45178.1472684085
1
45320.6650831354
3
45463.1828978622
1
45605.7007125891
3
45676.9596199525
4
45748.2185273159
3
45819.4774346793
4
45890.7363420428
2
46033.2541567696
3
46175.7719714964
1
46247.0308788599
3
46318.2897862233
1
46389.5486935867
4
46460.8076009501
2
46603.325415677
2
46745.8432304038
3
46888.3610451306
1
47173.3966745843
4
47315.9144893111
4
47458.432304038
1
47600.9501187648
3
47743.4679334917
4
47885.9857482185
4
48028.5035629453
4
48171.0213776722
3
48242.2802850356
1
48313.539192399
2
48456.0570071259
3
48598.5748218527
1
48741.0926365795
2
48883.6104513064
4
49026.1282660332
4
49168.6460807601
4
49311.1638954869
3
49382.4228028503
1
49453.6817102138
2
49596.1995249406
3
49738.7173396674
1
49881.2351543943
2
50023.7529691211
2
50166.270783848
3
50237.5296912114
4
50308.7885985748
3
50380.0475059382
1
50451.3064133016
4
50593.8242280285
4
50665.0831353919
1
50736.3420427553
2
50878.8598574822
1
51021.377672209
4
51092.6365795724
3
51163.8954869358
2
51306.4133016627
3
51377.6722090261
4
51448.9311163895
3
51520.1900237529
1
51591.4489311164
4
51733.9667458432
4
51805.2256532066
1
51876.48456057
2
52019.0023752969
1
52161.5201900237
4
52232.7790973871
3
52304.0380047506
3
52446.5558194774
2
52517.8147268408
4
52589.0736342042
1
52731.5914489311
4
52874.1092636579
4
52945.3681710213
1
53016.6270783848
2
53087.8859857482
3
53159.1448931116
1
53301.6627078384
4
53444.1805225653
3
53586.6983372921
2
53657.9572446556
4
53729.216152019
1
53871.7339667458
4
54014.2517814727
4
54085.5106888361
1
54156.7695961995
2
54228.0285035629
3
54299.2874109263
1
54441.8052256532
4
54584.32304038
4
54726.8408551069
2
54869.3586698337
4
55011.8764845605
1
55154.3942992874
3
55296.9121140142
1
55439.4299287411
2
55581.9477434679
3
55724.4655581947
4
55866.9833729216
2
56009.5011876484
4
56152.0190023753
1
56294.5368171021
3
56437.0546318289
1
56579.5724465558
2
56722.0902612826
3
56864.6080760095
2
57007.1258907363
2
57078.3847980997
4
57149.6437054631
3
57220.9026128266
1
57292.16152019
1
57363.4204275534
3
57434.6793349168
4
57505.9382422803
3
57577.1971496437
3
57648.4560570071
1
57719.7149643705
2
57790.9738717339
4
57862.2327790974
4
57933.4916864608
2
58004.7505938242
1
58076.0095011876
4
58147.268408551
3
58218.5273159145
1
58289.7862232779
1
58361.0451306413
3
58432.3040380047
3
58503.5629453681
2
58574.8218527316
4
58646.080760095
1
58717.3396674584
2
58788.5985748218
4
58859.8574821852
4
58931.1163895487
2
59002.3752969121
2
59073.6342042755
3
59144.8931116389
1
59216.1520190023
3
59287.4109263658
2
59358.6698337292
4
59429.9287410926
2
59501.187648456
3
59572.4465558194
1
59643.7054631829
2
59714.9643705463
4
59786.2232779097
2
59857.4821852731
3
59928.7410926365
1
60000
3
60071.2589073634
2
60142.5178147268
4
60213.7767220902
3
60285.0356294536
1
60356.2945368171
1
60427.5534441805
3
60498.8123515439
1
60570.0712589073
4
60641.3301662707
2
60712.5890736342
4
60783.8479809976
3
60855.106888361
2
60926.3657957244
1
60997.6247030879
4
60997.6247030879
4
60997.6247030879
1
60997.6247030879
4
60997.6247030879
4
60997.6247030879
1
60997.6247030879
4
60997.6247030879
4
60997.6247030879
2
61068.8836104513
4
61140.1425178147
1
61211.4014251781
3
61282.6603325415
1
61353.9192399049
2
61425.1781472684
3
61496.4370546318
1
61567.6959619952
4
61567.6959619952
3
61567.6959619952
1
61567.6959619952
4
61567.6959619952
3
61567.6959619952
1
61567.6959619952
4
61567.6959619952
3
61567.6959619952
3
61638.9548693586
1
61710.213776722
2
61781.4726840855
4
61852.7315914489
4
61923.9904988123
2
61995.2494061757
1
62066.5083135392
2
62137.7672209026
2
62209.026128266
4
62280.2850356294
3
62351.5439429928
1
62422.8028503563
1
62494.0617577197
3
62565.3206650831
4
62636.5795724465
1
62707.8384798099
2
62779.0973871734
4
62850.3562945368
4
62921.6152019002
2
62992.8741092636
2
63064.133016627
3
63135.3919239905
1
63206.6508313539
4
63277.9097387173
3
63349.1686460807
1
63420.4275534441
1
63491.6864608076
3
63562.945368171
3
63634.2042755344
2
63705.4631828978
4
63776.7220902612
3
63847.9809976247
2
63919.2399049881
4
63990.4988123515
2
64061.7577197149
3
64133.0166270783
1
64204.2755344418
2
64275.5344418052
4
64346.7933491686
2
64418.052256532
3
64489.3111638954
1
64560.5700712589
3
64631.8289786223
2
64703.0878859857
4
64774.3467933491
3
64845.6057007125
1
64916.864608076
4
64988.1235154394
2
65059.3824228028
4
65130.6413301662
1
65201.9002375296
3
65273.1591448931
1
65344.4180522565
2
65415.6769596199
3
65486.9358669833
1
65558.1947743467
1
65558.1947743467
1
65558.1947743467
1
65558.1947743467
4
65558.1947743468
3
65629.4536817102
1
65700.7125890736
4
65771.971496437
2
65843.2304038004
4
65914.4893111639
3
65985.7482185273
2
66057.0071258907
1
66128.2660332541
4
66128.2660332541
4
66128.2660332541
1
66128.2660332541
4
66128.2660332541
4
66128.2660332541
1
66128.2660332541
4
66128.2660332541
4
66128.2660332541
4
66199.5249406175
1
66270.783847981
2
66342.0427553444
4
66413.3016627078
1
66484.5605700712
3
66555.8194774346
3
66627.078384798
1
66698.3372921615
2
66769.5961995249
3
66840.8551068883
1
66912.1140142517
4
66983.3729216152
4
67054.6318289786
2
67125.890736342
3
67197.1496437054
4
67268.4085510688
4
67339.6674584323
1
67410.9263657957
2
67482.1852731591
4
67553.4441805225
1
67624.703087886
3
67695.9619952494
3
67767.2209026128
1
67838.4798099762
2
67909.7387173396
3
67980.997624703
1
68052.2565320665
4
68123.5154394299
4
68194.7743467933
2
68266.0332541567
3
68337.2921615201
3
68408.5510688836
3
68479.809976247
1
68551.0688836104
2
68622.3277909738
4
68693.5866983373
3
68764.8456057007
1
68836.1045130641
1
68907.3634204275
4
68978.6223277909
3
69049.8812351544
4
69121.1401425178
3
69192.3990498812
1
69263.6579572446
1
69334.9168646081
4
69406.1757719715
4
69477.4346793349
3
69548.6935866983
2
69548.6935866983
1
69548.6935866983
3
69548.6935866983
2
69548.6935866983
1
69548.6935866983
3
69548.6935866983
2
69548.6935866983
1
69548.6935866983
3
69619.9524940617
1
69691.2114014252
2
69762.4703087886
4
69833.729216152
3
69904.9881235154
2
69976.2470308788
2
70047.5059382422
4
70118.7648456057
3
70190.0237529691
4
70261.2826603325
3
70332.5415676959
1
70403.8004750594
1
70475.0593824228
4
70546.3182897862
4
70617.5771971496
4
70688.836104513
2
70688.836104513
1
70688.836104513
4
70688.836104513
2
70688.836104513
1
70688.836104513
4
70688.836104513
2
70688.836104513
1
70688.836104513
4
70760.0950118765
2
70831.3539192399
1
70902.6128266033
4
70973.8717339667
3
71045.1306413301
2
71116.3895486936
4
71187.648456057
4
71258.9073634204
1
71330.1662707838
2
71401.4251781472
4
71472.6840855107
3
71543.9429928741
3
71615.2019002375
1
71686.4608076009
2
71757.7197149643
4
71828.9786223278
4
71900.2375296912
2
71971.4964370546
1
72042.755344418
4
72114.0142517815
3
72185.2731591449
2
72256.5320665083
4
72327.7909738717
4
72399.0498812351
1
72470.3087885986
2
72541.567695962
4
72612.8266033254
3
72684.0855106888
3
72755.3444180522
1
72826.6033254157
2
72897.8622327791
1
72969.1211401425
1
73040.3800475059
3
73111.6389548694
4
73182.8978622328
2
73254.1567695962
1
73325.4156769596
3
73396.674584323
3
73467.9334916864
1
73539.1923990499
2
73610.4513064133
3
73681.7102137767
2
73752.9691211401
4
73824.2280285036
4
73895.486935867
2
73966.7458432304
2
74038.0047505938
1
74109.2636579572
3
74109.2636579572
4
74109.2636579572
1
74109.2636579572
3
74109.2636579572
4
74109.2636579572
1
74109.2636579572
3
74109.2636579572
4
74109.2636579572
1
74180.5225653207
3
74251.7814726841
4
74323.0403800475
2
74394.2992874109
1
74465.5581947743
3
74536.8171021378
3
74608.0760095012
1
74679.3349168646
2
74750.593824228
3
74821.8527315914
2
74893.1116389549
4
74964.3705463183
4
75035.6294536817
2
75106.8883610451
2
75178.1472684085
3
75249.406175772
3
75249.406175772
4
75249.406175772
3
75249.406175772
3
75249.406175772
4
75249.406175772
3
75249.406175772
3
75249.406175772
4
75249.406175772
1
75391.9239904988
4
75534.4418052257
3
75605.7007125891
4
75676.9596199525
1
75819.4774346793
2
75890.7363420428
1
75961.9952494062
4
76104.513064133
2
76175.7719714964
4
76247.0308788599
2
76318.2897862233
1
76389.5486935867
4
76532.0665083136
1
76674.5843230404
2
76745.8432304038
3
76817.1021377672
4
76888.3610451306
2
76959.6199524941
4
77102.1377672209
3
77244.6555819478
1
77315.9144893112
3
77387.1733966746
3
77529.6912114014
1
77672.2090261283
4
77814.7268408551
3
77885.9857482185
4
77957.2446555819
1
78099.7624703088
2
78171.0213776722
1
78242.2802850356
4
78384.7980997625
2
78456.0570071259
4
78527.3159144893
2
78598.5748218527
1
78669.8337292162
4
78812.351543943
1
78954.8693586698
2
79026.1282660333
3
79097.3871733967
4
79168.6460807601
2
79239.9049881235
4
79382.4228028504
3
79524.9406175772
1
79596.1995249406
3
79667.458432304
1
79809.9762470309
4
79952.4940617577
3
80023.7529691212
4
80095.0118764846
2
80237.5296912114
3
80380.0475059382
1
80451.3064133017
3
80522.5653206651
1
80593.8242280285
4
80665.0831353919
2
80807.6009501188
2
80950.1187648456
3
81092.6365795725
3
81163.8954869359
4
81235.1543942993
1
81377.6722090261
4
81520.190023753
4
81662.7078384798
1
81805.2256532067
3
81876.4845605701
2
81947.7434679335
1
82090.2612826603
4
82232.7790973872
3
82304.0380047506
4
82375.296912114
2
82517.8147268409
3
82660.3325415677
1
82731.5914489311
3
82802.8503562945
1
82874.109263658
4
82945.3681710214
2
83087.8859857482
2
83230.4038004751
3
83372.9216152019
3
83444.1805225653
4
83515.4394299288
1
83657.9572446556
4
83800.4750593824
4
83942.9928741093
1
84085.5106888361
3
84156.7695961996
2
84228.028503563
4
84370.5463182898
4
84513.0641330166
4
84655.5819477435
3
84726.8408551069
1
84798.0997624703
2
84940.6175771971
4
85011.8764845606
3
85083.135391924
1
85225.6532066508
2
85368.1710213777
4
85510.6888361045
4
85653.2066508313
4
85795.7244655582
3
85866.9833729216
1
85938.242280285
2
86080.7600950119
4
86152.0190023754
3
86223.2779097387
1
86365.7957244655
2
86508.3135391924
2
86650.8313539192
3
86722.0902612826
4
86793.3491686461
3
86864.6080760095
1
86935.866983373
1
87220.9026128266
1
87292.1615201901
3
87363.4204275535
3
87434.6793349169
4
87505.9382422803
2
87648.4560570072
2
87790.9738717339
3
87862.2327790974
4
87933.4916864608
3
88004.7505938242
1
88076.0095011877
1
88361.0451306413
1
88432.3040380048
3
88503.5629453682
3
88574.8218527317
4
88646.0807600951
2
88788.5985748219
3
88931.1163895487
4
89144.893111639
1
89216.1520190024
4
89358.6698337292
2
89501.1876484561
4
89643.705463183
4
89714.9643705464
1
89786.2232779097
2
89928.7410926367
2
90000.0000000001
3
90071.2589073634
4
90213.7767220903
3
90285.0356294538
1
90356.2945368172
4
90498.8123515439
2
90641.3301662709
4
90783.8479809977
4
90855.1068883611
1
90926.3657957244
2
91068.8836104514
2
91140.1425178148
1
91211.4014251782
3
91353.9192399051
1
91496.4370546319
4
91638.9548693588
2
91781.4726840856
4
91923.9904988124
3
92066.5083135393
2
92209.0261282661
1
92351.543942993
3
92494.0617577198
1
92636.5795724466
4
92779.0973871735
2
92921.6152019003
4
93064.1330166272
3
93206.650831354
2
93349.1686460809
4
93491.6864608077
4
93562.9453681712
1
93634.2042755342
2
93705.4631828982
4
93776.7220902612
3
93847.9809976249
1
93919.2399049883
1
93990.4988123517
2
94061.7577197151
3
94133.0166270785
4
94204.2755344419
3
94275.5344418054
2
94346.7933491688
2
94418.0522565322
4
94489.3111638956
3
94560.5700712592
1
94631.8289786222
1
94703.0878859862
4
94774.3467933493
3
94845.6057007132
1
94916.8646080762
2
94988.1235154396
4
95059.382422803
4
95130.6413301664
3
95201.9002375298
2
95273.1591448933
1
95344.4180522567
2
95415.6769596201
3
95486.9358669835
3
95558.1947743469
1
95629.4536817104
2
95700.7125890738
3
95771.9714964372
3
95771.9714964372
3
95771.9714964372
3
95771.9714964372
3
95843.2304038002
1
95914.4893111642
1
95914.4893111642
1
95914.4893111642
1
95914.4893111642
2
95985.7482185272
4
96057.0071258912
4
96057.0071258912
4
96057.0071258912
4
96057.0071258912
3
96128.2660332542
2
96199.5249406182
2
96199.5249406182
2
96199.5249406182
2
96199.5249406182
2
96270.7838479812
4
96342.0427553442
4
96342.0427553446
3
96413.301662708
1
96484.5605700714
1
96484.5605700714
1
96484.5605700714
1
96484.5605700714
2
96555.8194774348
4
96627.0783847982
4
96627.0783847983
4
96698.3372921617
2
96769.5961995251
2
96769.5961995251
2
96769.5961995251
2
96769.5961995251
1
96840.8551068885
3
96912.1140142519
3
96912.1140142519
3
96912.1140142519
3
96912.1140142519
3
96983.3729216154
2
97054.6318289788
2
97054.6318289788
2
97054.6318289788
2
97054.6318289788
1
97125.8907363422
2
97197.1496437056
2
97197.1496437056
2
97197.1496437056
2
97197.1496437056
3
97268.408551069
4
97339.6674584322
4
97339.6674584325
4
97410.9263657959
2
97482.1852731592
2
97482.1852731592
2
97482.1852731592
2
97482.1852731592
3
97553.4441805232
4
97624.7030878862
4
97624.7030878862
4
97624.7030878862
4
97624.7030878862
3
97695.9619952492
1
97767.220902613
1
97767.2209026132
1
97838.4798099762
4
97909.7387173402
4
97909.7387173402
4
97909.7387173402
4
97909.7387173402
3
97980.9976247032
2
98052.2565320667
2
98123.5154394301
3
98194.7743467935
4
98266.0332541569
1
98337.2921615204
2
98408.5510688838
3
98479.8099762472
4
98551.0688836106
4
98622.327790974
3
98693.5866983372
2
98764.8456057012
4
98836.1045130643
3
98907.3634204272
3
98978.6223277912
4
99049.8812351546
2
99121.140142518
1
99192.3990498814
1
99263.6579572448
3
99334.9168646082
4
99406.1757719712
1
99477.4346793352
4
99548.6935866982
3
99619.9524940622
1
99691.2114014252
1
99762.4703087892
4
99833.7292161522
1
99904.9881235152
3
99976.2470308792
2
100047.505938242
2
100118.764845606
4
100190.023752969
3
100261.282660333
1
100332.541567696
1
100332.541567696
1
100332.541567696
1
100332.541567696
1
100403.800475059
3
100475.059382423
3
100475.059382423
3
100475.059382423
3
100475.059382423
4
100546.318289786
2
100617.577197149
2
100617.57719715
1
100688.836104513
3
100760.095011876
3
100760.095011876
3
100760.095011876
3
100760.095011876
3
100831.35391924
4
100902.612826603
4
100902.612826603
4
100902.612826603
4
100902.612826603
3
100973.871733967
2
101045.13064133
2
101045.13064133
2
101045.13064133
2
101045.13064133
1
101116.389548694
4
101187.648456057
4
101187.648456057
4
101187.648456057
4
101187.648456057
4
101258.90736342
1
101330.166270784
1
101330.166270784
1
101330.166270784
1
101330.166270784
2
101401.425178147
4
101472.684085511
4
101472.684085511
4
101472.684085511
4
101472.684085511
4
101543.942992874
2
101615.201900237
2
101615.201900237
2
101615.201900237
2
101615.201900237
1
101686.460807601
3
101757.719714964
3
101757.719714964
3
101757.719714964
3
101757.719714964
4
101828.978622328
1
101900.237529691
1
101900.237529691
1
101900.237529691
1
101900.237529691
1
101971.496437055
4
102042.755344418
4
102042.755344418
4
102042.755344418
4
102042.755344418
3
102114.014251781
2
102185.273159145
2
102185.273159145
2
102185.273159145
2
102185.273159145
1
102256.532066508
3
102327.790973872
3
102327.790973872
3
102327.790973872
3
102327.790973872
3
102399.049881235
1
102470.308788599
1
102470.308788599
1
102470.308788599
1
102470.308788599
2
102541.567695962
4
102612.826603326
4
102684.085510689
1
102755.344418052
2
102826.603325416
4
102897.862232779
3
102969.121140143
1
103040.380047506
1
103111.63895487
2
103182.897862233
3
103254.156769596
4
103325.41567696
3
103396.674584323
2
103467.933491687
2
103539.19239905
4
103610.451306413
3
103681.710213777
1
103752.96912114
1
103824.228028504
4
103895.486935867
3
103966.745843231
1
104038.004750594
2
104109.263657957
4
104180.522565321
4
104251.781472684
3
104323.040380048
2
104394.299287411
1
104465.558194774
2
104536.817102138
3
104608.076009501
3
104679.334916865
1
104750.593824228
2
104821.852731592
3
104893.111638955
3
104893.111638955
3
104893.111638955
3
104893.111638955
3
104964.370546318
1
105035.629453682
1
105035.629453682
1
105035.629453682
1
105035.629453682
2
105106.888361045
4
105178.147268409
4
105178.147268409
4
105178.147268409
4
105178.147268409
3
105249.406175772
2
105320.665083136
2
105320.665083136
2
105320.665083136
2
105320.665083136
2
105391.923990499
4
105463.182897862
4
105463.182897862
4
105463.182897862
4
105463.182897862
3
105534.441805226
1
105605.700712589
1
105605.700712589
1
105605.700712589
1
105605.700712589
2
105676.959619953
4
105748.218527316
4
105748.218527316
4
105748.218527316
4
105748.218527316
4
105819.47743468
2
105890.736342043
2
105890.736342043
2
105890.736342043
2
105890.736342043
1
105961.995249406
3
106033.25415677
3
106033.25415677
3
106033.25415677
3
106033.25415677
3
106104.513064133
2
106175.771971497
2
106175.771971497
2
106175.771971497
2
106175.771971497
1
106247.03087886
2
106318.289786223
2
106318.289786223
2
106318.289786223
2
106318.289786223
3
106389.548693587
4
106460.80760095
4
106460.80760095
4
106460.80760095
4
106460.80760095
4
106532.066508314
2
106603.325415677
2
106603.325415677
2
106603.325415677
2
106603.325415677
3
106674.584323041
4
106745.843230404
4
106745.843230404
4
106745.843230404
4
106745.843230404
3
106817.102137767
1
106888.361045131
1
106888.361045131
1
106888.361045131
1
106888.361045131
1
106959.619952494
4
107030.878859858
4
107030.878859858
4
107030.878859858
4
107030.878859858
3
107102.137767221
2
107173.396674584
2
107244.655581948
3
107315.914489311
4
107387.173396675
1
107458.432304038
2
107529.691211402
3
107600.950118765
4
107672.209026128
4
107743.467933492
3
107814.726840855
2
107885.985748219
4
107957.244655582
3
108028.503562945
3
108099.762470309
4
108171.021377672
2
108242.280285036
1
108313.539192399
1
108384.798099763
3
108456.057007126
4
108527.315914489
1
108598.574821853
4
108669.833729216
3
108741.09263658
1
108812.351543943
1
108883.610451307
4
108954.86935867
1
109026.128266033
3
109097.387173397
2
109168.64608076
2
109239.904988124
4
109311.163895487
3
109382.422802851
1
109453.681710214
1
109453.681710214
1
109453.681710214
1
109453.681710214
1
109524.940617577
3
109596.199524941
3
109596.199524941
3
109596.199524941
3
109596.199524941
4
109667.458432304
2
109738.717339667
2
109738.717339668
1
109809.976247031
3
109881.235154394
3
109881.235154394
3
109881.235154394
3
109881.235154394
3
109952.494061758
4
110023.752969121
4
110023.752969121
4
110023.752969121
4
110023.752969121
3
110095.011876485
2
110166.270783848
2
110166.270783848
2
110166.270783848
2
110166.270783848
1
110237.529691212
4
110308.788598575
4
110308.788598575
4
110308.788598575
4
110308.788598575
4
110380.047505938
1
110451.306413302
1
110451.306413302
1
110451.306413302
1
110451.306413302
2
110522.565320665
4
110593.824228029
4
110593.824228029
4
110593.824228029
4
110593.824228029
4
110665.083135392
2
110736.342042755
2
110736.342042755
2
110736.342042755
2
110736.342042755
1
110807.600950119
3
110878.859857482
3
110878.859857482
3
110878.859857482
3
110878.859857482
4
110950.118764846
1
111021.377672209
1
111021.377672209
1
111021.377672209
1
111021.377672209
1
111092.636579573
4
111163.895486936
4
111163.895486936
4
111163.895486936
4
111163.895486936
3
111235.154394299
2
111306.413301663
2
111306.413301663
2
111306.413301663
2
111306.413301663
1
111377.672209026
3
111448.93111639
3
111448.93111639
3
111448.93111639
3
111448.93111639
3
111520.190023753
1
111591.448931117
1
111591.448931117
1
111591.448931117
1
111591.448931117
2
111662.70783848
4
111733.966745843
4
111876.48456057
2
112019.002375297
3
112161.520190024
4
112446.555819478
3
112589.073634204
1
112731.591448931
1
112874.109263658
3
113016.627078385
4
113301.662707839
2
113444.180522566
1
113586.698337292
4
113871.733966746
1
114014.251781473
1
114156.7695962
3
114299.287410927
2
114441.805225653
1
114726.840855107
2
114869.358669834
4
115011.876484561
4
115154.394299288
2
115296.912114014
1
115581.947743468
3
115724.465558195
4
115866.983372922
1
116152.019002376
1
116294.536817102
3
116437.054631829
1
116579.572446556
4
116722.090261283
2
116864.60807601
4
117007.125890736
3
117149.643705463
2
117434.679334917
1
117577.197149644
4
117719.714964371
3
117790.973871734
4
117862.232779098
3
118004.750593824
4
118147.268408551
1
118289.786223278
2
118361.045130642
1
118432.304038005
3
118574.821852732
2
118859.857482185
4
119002.375296912
1
119144.893111639
2
119287.410926366
3
119429.928741093
4
119714.964370547
4
119857.482185273
2
120000
3
120142.517814727
4
120285.035629454
4
120427.553444181
3
120570.071258908
1
120712.589073634
3
120855.106888361
1
120855.106888361
3
120855.106888361
1
120855.106888361
4
120926.365795725
3
120997.624703088
1
121068.883610452
2
121140.142517815
3
121282.660332542
2
121282.660332542
3
121282.660332542
2
121282.660332542
4
121567.695961995
3
121710.213776722
4
121710.213776722
3
121710.213776722
4
121710.213776722
1
121852.731591449
1
121995.249406176
1
121995.249406176
1
121995.249406176
1
121995.249406176
3
122137.767220903
4
122422.802850357
2
122422.802850357
4
122422.802850357
2
122422.802850357
4
122494.06175772
2
122565.320665083
1
122707.83847981
2
122779.097387174
3
122850.356294537
4
122850.356294537
3
122850.356294537
4
122850.356294537
4
122992.874109264
3
123064.133016627
1
123135.391923991
2
123206.650831354
1
123277.909738718
2
123349.168646081
3
123420.427553444
2
123562.945368171
1
123847.980997625
1
123919.239904988
3
123990.498812352
4
124061.757719715
3
124133.016627079
2
124204.275534442
1
124275.534441805
2
124418.052256532
1
124703.087885986
3
124845.605700713
4
124988.12351544
1
125273.159144893
2
125344.418052257
1
125415.67695962
4
125415.67695962
1
125415.67695962
4
125415.67695962
4
125486.935866984
2
125558.194774347
1
125629.45368171
3
125700.712589074
4
125771.971496437
2
125843.230403801
2
125843.230403801
2
125843.230403801
2
125843.230403801
2
125985.748218528
4
126128.266033254
3
126270.783847981
4
126270.783847981
3
126270.783847981
4
126270.783847981
2
126555.819477435
1
126555.819477435
2
126555.819477435
1
126555.819477435
1
126698.337292162
4
126840.855106889
3
126912.114014252
4
126983.372921615
2
126983.372921615
4
126983.372921615
2
126983.372921615
3
127125.890736342
4
127268.408551069
1
127410.926365796
4
127410.926365796
1
127410.926365796
4
127410.926365796
2
127482.185273159
1
127553.444180523
3
127695.96199525
2
127980.997624703
3
128052.256532067
4
128123.51543943
1
128266.033254157
2
128408.551068884
1
128479.809976247
3
128551.068883611
2
128622.327790974
3
128693.586698338
4
128836.104513064
4
128978.622327791
3
129121.140142518
1
129263.657957245
4
129406.175771972
4
129548.693586699
3
129691.211401425
2
129762.470308789
1
129833.729216152
4
129904.988123516
3
129976.247030879
1
130118.764845606
4
130261.282660333
3
130403.800475059
1
130546.318289786
3
130688.836104513
1
130831.35391924
3
130973.871733967
4
131116.389548694
3
131258.90736342
3
131401.425178147
1
131543.942992874
2
131686.460807601
2
131828.978622328
4
131971.496437055
4
132114.014251781
3
132256.532066508
1
132399.049881235
4
132541.567695962
3
132684.085510689
1
132826.603325416
3
132969.121140143
1
133111.638954869
3
133254.156769596
4
133396.674584323
3
133539.19239905
3
133681.710213777
1
133824.228028504
2
133966.745843231
2
134109.263657958
4
134251.781472684
4
134394.299287411
1
134536.817102138
4
134679.334916865
4
134821.852731591
2
134964.370546318
3
135106.888361045
3
135249.406175772
4
135391.923990499
2
135534.441805226
2
135676.959619953
3
135819.477434679
1
136104.513064133
4
136247.03087886
4
136389.548693587
1
136532.066508314
3
136674.58432304
1
136817.102137767
4
136959.619952494
4
137102.137767221
2
137244.655581948
3
137387.173396675
3
137529.691211401
4
137672.209026128
2
137814.726840855
2
137957.244655582
3
138099.762470309
1
138384.798099762
4
138527.31591449
4
138669.833729216
1
138812.351543943
3
138954.86935867
2
139097.387173397
3
139382.42280285
2
139524.940617577
3
139809.976247031
4
139952.494061758
1
140095.011876485
4
140237.529691211
2
140380.047505938
3
140522.565320665
1
140665.083135392
4
140807.600950119
2
140950.118764846
4
141092.636579572
3
141235.154394299
2
141377.672209026
3
141662.70783848
2
141805.225653207
3
142090.26128266
4
142232.779097387
1
142375.296912114
4
142517.814726841
2
142660.332541568
3
142802.850356295
1
142945.368171021
4
143087.885985748
2
143230.403800475
4
143372.921615202
3
143515.439429929
4
143657.957244656
2
143800.475059383
1
143942.992874109
3
144085.510688836
1
144228.028503563
2
144370.54631829
2
144513.064133017
3
144655.581947743
4
144798.09976247
2
144940.617577197
4
145083.135391924
2
145225.653206651
3
145368.171021378
4
145510.688836105
1
145653.206650832
4
145795.724465558
4
145938.242280285
2
146080.760095012
1
146223.277909739
3
146365.795724466
1
146508.313539192
2
146650.831353919
2
146793.349168646
3
146935.866983373
4
147078.3847981
2
147220.902612827
4
147363.420427553
2
147505.93824228
3
147648.456057007
4
147790.973871734
1
147933.491686461
4
148076.009501188
